+----------------------------------------------------------------------------------------------------------------------------------------------------------------------------------------------------------------------+
; Legal Partition Candidates                                                                                                                                                                                           ;
+-----------------+-------+----------------+--------------+----------------+--------+-----------------+---------------+-----------------+-------+----------------+--------------+------------------+-------------------+
; Hierarchy       ; Input ; Constant Input ; Unused Input ; Floating Input ; Output ; Constant Output ; Unused Output ; Floating Output ; Bidir ; Constant Bidir ; Unused Bidir ; Input only Bidir ; Output only Bidir ;
+-----------------+-------+----------------+--------------+----------------+--------+-----------------+---------------+-----------------+-------+----------------+--------------+------------------+-------------------+
; csr_unit_0      ; 170   ; 4              ; 64           ; 4              ; 67     ; 4               ; 4             ; 4               ; 0     ; 0              ; 0            ; 0                ; 0                 ;
; memory_access_0 ; 109   ; 0              ; 5            ; 0              ; 101    ; 0               ; 0             ; 0               ; 0     ; 0              ; 0            ; 0                ; 0                 ;
; branch_unit_0   ; 68    ; 0              ; 0            ; 0              ; 1      ; 0               ; 0             ; 0               ; 0     ; 0              ; 0            ; 0                ; 0                 ;
; alu_0           ; 75    ; 0              ; 0            ; 0              ; 32     ; 0               ; 0             ; 0               ; 0     ; 0              ; 0            ; 0                ; 0                 ;
; regfile_0       ; 50    ; 0              ; 0            ; 0              ; 64     ; 0               ; 0             ; 0               ; 0     ; 0              ; 0            ; 0                ; 0                 ;
; control_unit_0  ; 6     ; 0              ; 0            ; 0              ; 28     ; 0               ; 0             ; 0               ; 122   ; 0              ; 112          ; 0                ; 112               ;
; decoder_0       ; 32    ; 0              ; 0            ; 0              ; 0      ; 0               ; 0             ; 0               ; 122   ; 0              ; 0            ; 0                ; 0                 ;
; decode_bus      ; 0     ; 0              ; 0            ; 0              ; 0      ; 0               ; 0             ; 0               ; 122   ; 0              ; 122          ; 0                ; 122               ;
; fetch_stm_0     ; 69    ; 0              ; 0            ; 0              ; 132    ; 0               ; 0             ; 0               ; 0     ; 0              ; 0            ; 0                ; 0                 ;
+-----------------+-------+----------------+--------------+----------------+--------+-----------------+---------------+-----------------+-------+----------------+--------------+------------------+-------------------+
